00110001101100100001110001011110010110001101001000101000010110010101000001110000000110001110000101011011101111101000100011011000
10100011100011110001010011011011110111110101111101110100010000001110011011000100101000110101101111111111110011100010111110111010
11000011101101001110101100101010111110101011011010100010100101101000001000101100000011101011010111100110010011011111010000000100
11010010000111000110110001000110011000000010010110000111011011000100100110110100111010100000011110111010000001101011110100100111
01010011110001001001101111111111001010101011110001101011010110000101101111100010100101101011100001110101011100100010010000001000
01001011111111010011010110100100111110111011101010010001111110100001001001101001010000110100000011111111100100110101010111010101
11111101001000001010000010010100111101000010100101011100100011110101011000110100111010011011100001110001010000100100000011001110
10010001110000110100100110110100100001111111001000101100011100101101001011010110001101010011111101001001101101111111011110100010
00101110110110111001011010111010001000100010001101100100101110100101011001011111101000111000010000011011010001011100111010101110
10111010110101001011111100101111111100110001101101010001111111000110101000011110011001101011010011010010110010111101100101001111
00100001110011110100010101100000010010101100010010000001111011011011011000101100101011101011010001110100000111011010100011111111
11000101111111001110101011100111110011000010101101010101101000100010010001111001100110010111001111000010101000001100000001110000
11100110001011101100111111100011010110010111000011101000010001001101011111100100000110011101111011100110000000001111110000101111
10001011010011101111011110000011111111001010101011000001100101000100011010010110100000110001110011111001111111110001001011000010
10100011000101100111001101001000100000010111011001001011000101011010101011111111010011101110001110000111100110001100110110101010
00111010010000101101110001001110100111011010011010011111101001011100100000011000111110101101011100110110111110010001100110011010
11000101111110110110110111010001010011111111100110001101111001101110100011111000111110000001000100110011101100011001001011001000
11111100010100001111110110000110110010001110001110000001010010101100010110100000000101110110011001010110111011011101001011100111
00100111111000100111100110101110011110111101111010010111111100010110001010101101001011011110001110100001011101001111010100001111
11000111101111100000010000101010111010111110101100010110110100101001100111000011011001010011100111111110101100010001011110101101
10001000110110101100110111100001011110111101100111000010000001100010101010000110000101110000001010110000011100110111010110000100
11000110010100110000010011001110110101011111100101100011000001010010000101000100011011101010001111001010010010111000001000110100
01011001110011111110010110100010011010110010111001110011001010001110110000001011101101010011011100011100101010011101011011001101
01111011101010100110000110101011000110001100111111110111010000010000110011100100000001101100100011111000111100100011001001011111
10011111100000000100011001000010000001001001000011011011100100111011100001000110001101100010011110000011001011011010100001000100
00010000000110000001100000010100100111100000010011110001011011110000110101010010100000000001011000000000001110011101010100000100
10011010010101101101001110000100011010110010010110001110010111000010100111100110010110010100101110010101010010101001011001100001
11110011001010110000010101011000000010100001010011001001010001010000001010100100110101000001101001000010000111100001010000111011
00101001110100111101100001011001111101110101101000001101011111101111000010001110100000110010000101010001101100100011011101100101
10110100111000001111011100110100010000011101111111011000101101000101010110101001001110101100011010001100110101011011111000000101
10110100001011101110000010111001001011101111000000110101001000110011000010100111010110000010110111101110010110011001000011010101
10000011000010111110101100001101010011100010101100001111011111001110100111100101000001110011011010011011110110110010111001110101
00011001011001010011101010111001111111000000011001111100010010000011000110110100010000010011011011101101011000001000111011001010
01000010000111011011110000000101010001110000110110100110110101111100101101001111111110101101101010000010101101011001100001110000
01111000111100000110110110000001100000111100111101101100111111011111011011111010111011000000010101000000110000000010000100000111
01010100110100101010000011110110010011000011010111100101011101101010010101001001011011000101110111111001100011110101101110101000
10011010010011011101101000000110100100111100010001111010000001100111011000010101000111010010000111100011101100001011011110001100
00001101011110011101110000111000010011011101011010100100100010010100001010101010100001101111000001010001011011001000001111000100
10000100010011011010000100111111000001101001110101001000110101100010101111111010011100010001110011011010111010010011001100100100
10000010010111000110101100111101100001000111000011101010010001100011111100101010111010110010011010011011100011101110011000010000
01110011000010011110010001101001111000111100010000110101101001011001101001110100100100100001101101101110000100010100111001111001
01001001111111001101100101111001000111111000001101111110000011111000011100000000011101011111111100111001111101110101010010101000
01010111010100110110010011101110111100100000000001001000000111111100010101010101111111101000001101110110101111101101001100011101
10111001111011110010110110101011010101000010111010100001000001101000000111101000011111111100010110110110101101000111101101000111
11101000111110001000111001011010100111101010111000000010100000010010101001100100001111100011000000111010111111101011111111101001
01111010000100111101100011101111111110010101000100110101110001010110100010001101000110011010010001010111100110111101101111100100
00111010010100001010000011001101001000100011100000000010110110110101110010111001010000011110010100110001111100011000000000111000
11011011100010000010010110011110010111100000111100011110001000101110100101100010100000000011011010101100111010110010101000110010
00000001011110001011011000000101111111101101011011000101011001010010100100101100110110100011000000101010011000011111011100100000
10110111111011011010101001000101001011011011011001100001010100000000000110011110101011110011111101000001010110000101110011100111
00111101010110111100110110111000110011100100010110000110100010000110011100010111011011110010001110110011101100111100010001110000
10101001111011011101110010101001011001100010001000000111110110100010101000000100000011100101110111011000010000000010110011100101
01101010110010010000010110001010100010001100010001011000000011001111110000000001111110100101100001001101110110010010010100110100
11011101010111100110011101000010001100111011001111110110100101100001001100111101100010010011110010100011000011101101100001101101
11111000011101101100001011011110111110111011110000000000011000110011001110011100111100010010111010111010101000100110101011111100
01110111011000011010011011000000111100010001001110011011100110100001111111000011110110010000111110010010100100010001000100011011
00011010110011110001111100000000100100111000111011100111010101001110001001110010010010010010000011110010110110110100010011100110
11001111011010100110011011111010100001110010101110101101001000001101100111011111001011010100010101101100111010110011011111110011
01010001101101011101111010000001001100100100000100110100011110001001110110100101011101111110010000001100101110011110110111000000
01011010011111100011001101011010111001001110011000000000111010000111011010000111100011000100011001010011010100100101110001110111
10000111011100101100100010110101101111011101110011010000100010110110001101100101000000000010010010011110000010111111110101101101
10110011110101010011100111101110100011110001011100011001110101111111100000000000011110101100001111100111000100011000100110110000
11110100001111011010101011101111011100001111010100100110001110101000010110110000111101100010111101000010011101011001111100001001
01111010011110000101100100001111100100011000111000100101010111101111000111000000101101000101000001100110000110111110110001010101
