00000000000001100000101000011100000011000000000000000000000000000000011100010001000001010000000100000010000000100010001000110100
00000000000010100001000100011110000101000000001100000000000000000000001100001110000001010000000100000010000000100001011000111000
00000000000100000001011000101010000011110000001100000000000000000000001100010101000001010000001000000010000000010001010000101001
00000000000010000001100000101101000011000000001100000000000000000000001100010100000000110000001000000010000001000001010000110011
00000000000010100001010000011101000100000000010000000000000000000000001100000110000001000000001000000001000000100010111000101110
00000011000100010001010100101010001001010000101000000000000000000000100000000011000001100000000100000000000001000011011100101111
00010001000011000001010100110010001011110001000100000000000000010000010000001011000001010000000100000000000000100011100000101010
00001100000100110001001000101011001000100000101000000000000000010000010000001110000001010000000100000000000000010010011000110011
00000100000100010001100100110011000011100000100100000000000000010000100000001001000001010000000100000000000000110010100100110101
00000000000100110001011100101110000011100000101000000000000000000000011000000100000001000000000100000010000000110011100100111101
00000010000011100001010000110000000101000000101100000000000000010000011100000111000001000000000100000001000000100010010000111010
00000001000011100000111100001101000100110000100100000000000000000000010100000110000001010000000100000001000000000011101000111100
00000010000010110001001000111100000101000000011000000001000000000000101000001101000001010000001000000010000001100011100000110001
00001001000101000001010000111010000010100000100000000001000000010000110000010110000001000000001000000001000001010001101000110100
00001011000100100001001100100111001001100001000000000000000000110000100000011011000001100000001000000010000000100001011000100110
00000010000011110000111100100000000111000000101000000000000000000000001100010111000001010000001000000010000000100100011100111000
00000010000100110001110100100101000111000000101000000000000000000000100100001000000001100000001000000010000000010100100101000110
00000101000101010001011100010011000110110000101100000000000000000000101100001010000001110000001000000011000000000001011000101010
00001000000101100001011100101111000110100000101100000000000000010000011100001100000001000000000100000001000000110010101000110111
00001011000011110001100101001011001101010000110100000000000000000000100100001011000001110000000100000001000001010010111100111000
00001001000100010001011000110001001000000000111100000000000000010000100000010000000001010000001000000010000001000011110100110111
00000111000101100001101100110001001000110001000100000000000000000000011000010101000001010000001000000011000000100011100101000100
00000001000101100001100000101001000101100000101000000000000000000000001100000110000001010000001100000010000000010011000000110010
00000001000011010001001100010001000101100000010100000000000000000000011100000111000001010000001000000010000000000100000101000010
00000101000101000001010100101100000111010000111000000000000000010000011100010001000001010000001000000010000000110101010100101110
00000111000011100001011001000111000111000000100100000000000000000000011100010101000001010000001000000010000001100011110000111100
00000110000101000001000101010111000111110000101100000001000000010000011000001001000001010000001000000010000001110000011000011010
00000010000100100001001001001010000110110000101000000000000000000000010000001010000001010000001100000010000001100011001000110011
00000000000010100001000000111001000111000000101000000000000000000000100000001001000001100000001000000010000000110011000100101100
00000010000011110001011100011101000111000000110000000000000000000000011100001101000001100000001000000010000000100011010000100011
00000011000101000001010100111000000110010000101000000001000000000000100100001011000001000000001000000010000001100011100000111100
00000111000011110001010100100000001001100000110000000000000000000000100100001110000001100000001000000001000000010100010001000100
00001001000110000001001000011000001000000000111100000000000000000000100100010100000001010000001000000001000000110101111001001000
00000100000111010001011100010111001000010000101100000000000000000000010100001111000001100000001000000001000000000100100001001001
00000101000110110001101100001010000110110000110000000000000000000000011000001110000001100000001000000001000000000100110000110111
00000101000011010001001000011101000110000000110100000000000000010000011100001011000001100000001100000000000000000100000000101000
00001001000011010000111100111110000110110000110100000000000000000000101000010001000001010000001000000010000001100100101000110111
00000011000100000001011000111110000101010000100000000001000000010000011100001111000001010000001000000000000001100011100000101100
00000010000100010001010001000100000101000000011100000000000000110000010100010110000001100000001000000010000001000000101100101011
00000110000100110001101100010100000110110000111100000000000000100000011100010010000001100000001000000010000000000100001000110011
00001000000100000001010000111010000101100000101100000000000000010000010100001111000001100000001000000000000001110011100100101111
00001100000010110001011100110000000110110000111000000000000000000000100100001111000001100000000100000010000001100010001101000010
00000101000101010001111000100000000101110000101100000000000000000000100100000101000001010000001000000100000000110011010000111101
00000100000100100001010000011101000101100000101000000000000000010000011000001011000001010000001000000010000000100011100000110000
00000101000101110001010000000011000101110000101000000000000000000000010100001001000001000000001000000011000000000110000000111101
00000100000101000001011000100011000110000000101000000000000000100000100100010100000001100000001000000001000000000011101000101001
00000110000100000001011100111111000101010000110000000000000000000000011000001110000001010000001000000000000001010010011100110000
00000110000100000001011100111111000011010000011000000000000000000000100100001101000001010000001000000000000001010011011000101010
00001100000011010001000100100111000110000000101100000000000000010000100100001110000001010000000100000000000001000100010000111100
00001101000100000001100000010110000101100000101100000000000000100000100000010100000001010000001000000010000000000010011000111100
00010001000101110001011000001101000110110000110100000000000000010000110100010010000001010000001000000011000000000011001000101010
00001001000101110001110001000101000110110000111000000000000000000000010100000100000001010000000100000000000001010110010101001010
00001001000100010001001101001110001001000001000100000000000000000000100000000101000001010000001000000001000001100101001000111011
00001000000100110001011100100000001001110001000000000000000000000000011100001111000001010000000100000100000000010001110100110011
00001010000101110001101100100011001000110001001000000000000000010000011100001101000001000000001000000011000000000001100000101111
00001001000100010001100100011100001000100000111000000000000000000000011000010001000001010000000100000010000000000001111100100110
00000101000011110001000000000111000110100000100100000000000000000000100000001101000001100000001000000010000000000010100000101100
00001000000100000001011100000011000101010000101000000000000000000000011000001100000001100000000100000001000000000100110100100100
00000101000011010001100000001010000100100000100100000000000000000000011100001000000001010000000100000001000000000011100100110001
00001011000011100001010100101010000111000000110000000000000000000000011100000101000001010000000100000001000000000010100100110110
