11111111111111111100111000100111110001110111011010
00000000000000000110110001011100010101100111011010
11111111111111111011111001011100000011010010011101
11111111111111111111111100110100010100011000011101
11111111111111111111011111110100111001110000011110
00000000000000000010010101100111000110011100011110
11111111111111111010100111111111011001100001011100
11111111111111111110011011100111001110011111011100
11111111111111111100100011001000110000100101011101
00000000000000000010011111111001000111111100011110
00000000000000000110111110000111101110100010011100
00000000000000000101001001011000100100010101011011
00000000000000000011010101111101100100100111011010
00000000000000000110101110010100111011111101011011
11111111111111111000110011111010101000011111011100
00000000000000000010101001101011011110101011011100
